function dfdx = f(x)
    dfdx = 10*512*(x.^9) - 9*5120*(x.^8) + 8*21760*(x.^7) - 7*51200*(x.^6) + 6*72800*(x.^5) - 5*64064*(x.^4) + 4*34320*(x.^3) - 3*10560*(x.^2) + 2*1650*(x) - 100;
end